0.98461727
0.98147526
0.98335025
0.98728471
0.98801394
0.98792585
0.98468383
0.9819783
0.98325382
0.99046194
0.98686789
0.99167611
0.98499931
0.9815929
0.98256784
0.98098269
0.98509462
0.98794972
0.98398426
0.98100143
0.9895807
0.98110689
0.98847556
0.97872213
0.98936199
0.98328507
0.98574291
0.98452428
0.97891342
0.99032535
0.99118563
0.98571087
0.9885943
0.98681593
0.98504622
0.99624745
0.99217407
0.9937035
0.99485184
0.98941412
0.97960793
0.99177218
0.9865803
0.99139861
0.99251667
0.98796976
0.98077497
0.9910157
0.99084048
0.98721352
0.98343262
0.98980822
0.9869592
0.98495483
0.9813202
0.99582754
0.98593564
0.98927221
0.98831304
0.98168976
0.98222852
0.98631013
0.98775171
0.98415267
0.98215388
0.99096778
0.9808687
0.99184459
0.99283013
0.98040442
0.98321151
0.97845472
0.98354242
0.97469011
0.97627838
0.9823636
0.97840657
0.96856823
0.97625916
0.97780107
0.96540461
0.9623765
0.96115883
0.97058608
0.97058608
0.91578981
0.91265119
0.91146786
0.91443444
0.90803784
0.91138594
0.91675545
0.91175078
0.91454915
0.91328863
0.91115554
0.9152119
0.90973389
0.91681062
0.91723253
0.91929164
0.91273341
0.910509
0.91888665
0.91558676
0.91372715
0.91428857
0.92075409
0.91804172
0.92239058
0.91164803
0.91531717
0.92140258
0.91251479
0.91787604
0.92050343
0.90566778
0.91796857
0.91428815
0.91409305
0.91856827
0.91831124
0.9069561
0.91608281
0.91208447
0.90532524
0.91311559
0.90673918
0.90886799
0.91279503
0.91466203
0.91399258
0.9129224
0.91496914
0.91392939
0.91659414
0.91809945
0.91684289
0.91316778
0.91916844
0.91592167
0.91825672
0.91055071
0.91116684
0.91332844
0.91542094
0.91312121
0.9142064
0.91025968
0.89729278
0.90908726
0.90518774
0.90221899
0.90807302
0.90841574
0.90571441
0.91007233
0.90719092
0.90335386
0.90912916
0.90152785
0.90239008
0.9091924
0.89999019
0.9002828
0.90017858
0.89970937
0.90446544
0.89976779
0.89739468
0.89980445
0.90237841
0.90536205
0.90004567
0.89952535
0.90282689
0.8958951
0.90438329
0.89831108
0.9070161
0.89528245
0.90407709
0.89651661
0.89864141
0.89770942
0.90200593
0.89851917
0.89653939
0.90236233
0.8978656
0.89446744
0.898787
0.89669778
0.8975804
0.89148375
0.90188948
0.89074083
0.90025624
0.89936951
0.90319492
0.8877148
0.95612441
0.95062723
0.95363298
0.95834513
0.95687022
0.95633713
0.9567492
0.96484526
0.96003227
0.96502186
0.96753262
0.97351382
0.96597676
0.97631723
0.97187725
0.97923897
0.9717372
0.97109626
0.97257893
0.970959
0.97372557
0.96584839
0.9659591
0.96984354
0.9627767
0.96452338
0.97899246
0.96505816
0.96725603
0.97008707
0.96556832
0.96920964
0.96575776
0.9690075
0.96934044
0.96048524
0.96662917
0.9725014
0.96425208
0.96476348
0.96726592
0.95878847
0.95374732
0.96060188
0.96270515
0.96093441
0.95986989
0.95819083
0.95601359
0.96424779
0.96008755
0.95896783
0.95445687
0.95951262
0.95926921
0.95798179
0.95333063
0.96183724
0.9585284
0.95985058
0.9608214
0.95692062
0.95855342
0.95506051
0.96267064
0.96118252
0.95735883
0.95314868
0.96043388
0.95830787
0.95847554
0.95592237
0.960964
0.95827935
0.9572941
0.95154074
0.95290568
0.95592208
0.95469172
0.95361967
0.95117816
0.95699517
0.96301265
0.96525406
0.96410757
0.95033804
0.95263305
0.95401558
0.9512126
0.95313176
0.9478385
0.95189139
0.95405381
0.95040668
0.95762726
0.95545557
0.95165654
0.95016729
0.95251491
0.95679305
0.94855391
0.95010017
0.95595734
0.95298452
0.95227272
0.9513265
0.95005875
0.945935
0.95430231
0.95603626
0.9492809
0.95420482
0.95224952
0.95059213
0.94989844
0.94917735
0.95129981
0.95318446
0.94575644
0.95108878
0.95096617
0.95345163
0.95254426
0.94856171
0.95316065
0.94999313
0.95245081
0.9525621
0.94959388
0.94586428
0.94995682
0.94975514
0.95428918
0.95320875
0.95024693
0.95134691
0.9470988
0.94902451
0.94864924
0.95293184
0.95056934
0.94472769
0.94708032
0.94742263
0.94931718
0.95566284
0.95524064
0.95016132
0.94827193
0.94701832
0.94763538
0.9460105
0.94730366
0.94980465
0.95674991
0.94703939
0.94691382
0.95047161
0.95072078
0.94298543
0.94620286
0.94548659
0.94689727
0.94894112
0.94655076
0.94635245
0.95325731
0.94723225
0.94742325
0.94412423
0.94735866
0.94155594
0.9391438
0.94418746
0.93966922
0.94146282
0.94054401
0.943026
0.94380739
0.93720479
0.93853806
0.94402116
0.93547053
0.93486491
0.93437519
0.94118024
0.94020141
0.93807033
0.9322741
0.93110361
0.93121063
0.93343978
0.93097174
0.93565205
0.93225241
0.93614374
0.93016857
0.93440821
0.92715842
0.93164915
0.9313901
0.92775836
0.93168351
0.93566963
0.93261234
0.93675363
0.93675363
